-1.055012471888273
-1.4904096230425772
-1.2852457712813998
-0.7979075694140532
-0.986065670969233
-1.2091119327386721
-1.2076300141370142
-0.4510556614916932
-0.6255179253470802
-0.7709636552883934
-0.31357135983417006
-0.5060356230204821
-0.234690488477578
0.01248080744945601
-0.3431301165693763
0.3119159754997072
0.4022519600808965
0.47739171671811276
0.32076338458027753
0.7382367567943506
0.796661681712959
0.9721319314844141
1.1641222171661092
0.9873103463361472
0.9810761393085845
1.1112991429949257
1.2622602103172667
1.0847990406873733
1.415782390129555
1.42172884202509
1.4192075777844524
1.3051113646165895
1.482795666511456
1.4101392798178438
1.552996033938737
1.6110922151037597
1.6232353617969895
1.566671460152452
1.5779877583820003
1.617558909205451
1.6153870339936005
1.6956800156214478
1.66830066380787
1.6154817081398174
1.5995558854328804
1.639973665945891
1.6474018869899447
1.6540759888198122
1.7406770852151283
1.736296337549887
1.7068571907621113
