-1.055012471888273
-1.055012471888273
-1.055012471888273
-0.7979075694140532
-0.7979075694140532
-0.7979075694140532
-0.7979075694140532
-0.4510556614916932
-0.4510556614916932
-0.4510556614916932
-0.31357135983417006
-0.31357135983417006
-0.234690488477578
0.01248080744945601
0.01248080744945601
0.3119159754997072
0.4022519600808965
0.47739171671811276
0.47739171671811276
0.7382367567943506
0.796661681712959
0.9721319314844141
1.1641222171661092
1.1641222171661092
1.1641222171661092
1.1641222171661092
1.2622602103172667
1.2622602103172667
1.415782390129555
1.42172884202509
1.42172884202509
1.42172884202509
1.482795666511456
1.482795666511456
1.552996033938737
1.6110922151037597
1.6232353617969895
1.6232353617969895
1.6232353617969895
1.6232353617969895
1.6232353617969895
1.6956800156214478
1.6956800156214478
1.6956800156214478
1.6956800156214478
1.6956800156214478
1.6956800156214478
1.6956800156214478
1.7406770852151283
1.7406770852151283
1.7406770852151283
